16804
19204
11793
17364
11796
19521
4423
19169
17504
25137
26925
13591
21535
19018
20628
31912
23371
20997
22773
22161
5111
13094
11878
16452
9392
4160
25155
13922
24324
21107
20029
11928
14805
29170
12216
20300
15430
1562
17930
27523
15400
11986
31453
14504
18279
8501
16469
24306
13246
17617
24384
5809
12346
3147
1045
16746
28596
21066
5641
3837
8546
8137
18384
4431
14737
30005
20411
27157
24754
12127
11127
17176
25036
26093
2050
10862
27224
2505
23216
5780
18213
7524
27336
2282
8845
31321
275
29046
6239
27350
302
2957
6873
4294
21330
7203
29564
26399
21713
10826
22228
31504
9920
17234
14656
5882
31387
25933
27959
11081
30249
13939
13019
6381
5595
12866
31488
32112
9496
3986
6685
11906
26506
20735
26499
3378
15292
17625
13864
19754
27295
19447
19653
7755
13167
5148
28123
9164
18763
4589
22020
30700
19450
12240
8018
26203
20264
17571
1241
30245
14075
22515
27873
8946
3348
4507
30897
12153
2864
26562
4963
3881
5148
24223
7861
20968
16188
4838
15150
22928
10976
31780
268
10748
6324
22357
27240
32255
13256
2258
24867
16996
11033
9851
1339
18567
14066
14702
17746
25593
3057
20381
19705
16562
15568
4464
6242
14493
28504
32466
8471
28506
13727
13297
21464
10221
28626
19936
16452
14203
2271
18360
9561
21995
22029
30988
26703
10551
19023
17567
32266
28679
25896
27294
17598
5221
6048
31249
13167
11218
29582
30743
26127
21530
12656
25868
20685
15247
29825
9403
21052
18788
16823
17698
9069
4557
12959
5048
21262
5777
13441
28492
10496
10074
26604
20990
17325
3389
21241
31569
22630
7594
9618
29925
8601
22089
13906
19029
2302
14217
30280
22279
3924
16585
22950
29556
1130
8474
22022
25170
9063
10129
28483
20313
23110
30756
11697
26084
9436
12299
4519
9151
10349
3852
9992
21696
13176
6168
12257
6795
10583
10796
6020
23323
30191
18795
17715
16765
24300
872
15149
26561
27069
8134
26162
8653
29189
12254
29521
30598
3010
26921
31594
25245
30614
21763
15894
13867
11881
32597
1925
26310
1876
16081
21081
4132
19587
18863
26588
11244
23788
3240
3101
4199
18264
11286
4724
15205
15385
6605
25453
24437
24454
19023
5739
30591
20210
19999
15666
28573
15271
4351
23717
8055
18588
22991
28170
2360
19887
14025
20440
11131
8769
4347
23767
16271
7413
2457
5596
7699
21526
31492
11315
1469
28921
15573
31991
15693
9375
9653
3336
5722
13798
27031
25652
18443
31613
21253
26233
15667
10895
3597
21998
8887
2699
27565
11951
16054
25569
22584
181
16985
20458
3341
32617
13848
8666
2125
20085
15175
10784
21447
20617
22356
15248
6525
3879
32488
11587
28874
23543
2060
131
14050
7947
30748
5579
1815
921
18697
22474
26457
23289
23279
32098
4995
12306
30682
10998
25145
28648
25522
13043
8549
3503
4562
8238
14746
8283
17441
26853
28248
27863
4818
18330
20354
396
5004
16396
16770
16898
8165
12104
21608
24956
3847
9969
23226
14497
17505
19031
19574
21614
8042
9925
26110
11574
12968
14282
30025
11503
16620
27193
4552
11772
7423
14839
5095
31397
21583
5185
27799
22953
21388
31634
28543
9250
18084
9568
8612
23276
30625
25962
2886
21802
6359
18410
8394
21681
8401
2713
31934
15867
11324
6726
2120
31798
6453
18088
12295
31563
27081
7717
9047
1267
25274
8141
29120
10635
16288
27970
7632
6203
22212
4997
8493
28976
10925
12357
3766
11146
22298
19243
3995
27507
13415
16611
5151
10846
5459
10667
9118
15775
29816
31083
13552
19797
3384
14517
30780
9066
9891
11334
19643
22010
2216
28522
12390
25801
2264
5753
14736
23012
30152
26948
21617
19133
11483
27377
28875
23724
25837
6752
31038
26791
29874
14885
15601
10005
17598
8900
20739
3518
20395
497
16384
32282
4520
17310
13263
20747
18582
5012
4131
21018
7187
13157
23347
8249
5297
15036
2545
13364
24107
20017
1199
8069
28336
19205
5327
10874
25474
29444
7215
26647
4862
7904
13344
31018
14832
17492
9690
15278
20997
28202
28245
25570
6188
18456
21776
12916
30124
15804
5685
3494
20633
9857
7965
11149
8232
20982
1497
6958
19710
8753
30715
16525
20928
21334
30175
22299
13669
12307
8842
18575
24372
20795
23356
3195
1648
20669
27895
28262
6695
5992
8962
31415
1913
1745
6354
3548
1978
15669
14003
24146
30185
17206
24248
29039
24967
2490
17404
18503
20594
21843
11536
31145
6758
3530
19362
13865
2901
5267
19002
25853
1694
20301
18356
6405
13923
25203
29583
30307
6240
6127
24308
19421
31590
28479
32365
3353
22768
21680
5442
6192
9988
1826
4057
2856
27240
932
9972
12262
12165
24656
16806
19629
5306
15778
12732
21075
18965
30812
23901
28580
21546
27143
4194
26841
30054
29825
23177
10023
5490
31289
5970
5242
17575
21124
8502
26178
14082
7038
22362
11476
26513
24798
16994
15910
6759
30265
21786
5295
17574
32002
1600
10682
29378
11563
6384
15845
17344
31351
4506
16019
8512
25508
26880
25204
9133
24865
12066
15967
19099
1840
4219
32181
27295
2574
22199
5375
4069
28686
19861
21869
21773
23420
14950
11445
10586
26134
25147
6122
29102
2568
6860
18912
23792
14281
19575
1338
14561
20712
11688
22976
16035
8133
24961
12466
1371
4240
18072
13903
6834
7096
31417
15025
4845
9020
3917
17537
22556
18752
31134
20206
11302
14832
15905
4932
20432
4013
17452
4749
30516
30168
30237
17351
6264
29455
14764
30098
1590
11360
4022
11353
24309
16507
7236
19579
934
30077
28359
24212
12138
113
1412
15350
10676
14333
26867
19673
20894
26443
16156
7254
24652
1382
22754
5316
12184
26567
10079
30620
30644
32648
26762
19919
24165
15246
13896
13964
17625
12802
32508
12985
3161
31997
28785
3134
5891
11982
15722
32107
6861
3538
26707
26451
18405
31970
19302
27173
24731
14782
12221
16146
2201
31916
7921
20590
14007
27942
28604
31790
16307
10564
26640
31533
22293
27753
11344
12754
25018
938
8387
32102
16373
20366
15614
11788
18350
27239
10943
20690
30768
16637
31172
18556
532
25111
2318
20042
12629
18064
24080
23280
27909
11127
28332
25826
18426
3756
24175
24307
2770
2939
30301
19942
4556
27446
8247
19673
31567
8181
23531
26792
3381
28057
22113
932
13068
