17292
32724
26220
13244
14271
1275
7315
1364
5350
5010
5223
70
28255
17909
19441
29005
3029
9847
19761
304
31964
20517
10282
3278
2581
8115
12128
11754
7174
1832
18
1209
13238
28744
21047
3629
20747
22981
19515
4863
25316
6948
22134
31615
7414
31601
10864
5147
20327
1698
6615
3761
7212
19916
18748
19604
9763
32263
23185
15712
5616
31266
17251
24190
4247
25351
19159
10102
31710
15085
27494
28408
11360
3904
5208
5288
22897
21840
1794
31661
29365
26043
19391
8696
13183
17051
31407
24660
4075
5232
21554
7986
22458
2508
25891
3122
10992
1473
13013
7281
7215
18698
10958
26517
7378
508
21061
10137
3785
28459
29021
26969
6199
219
13855
14813
5324
9517
2874
23653
16612
11014
7802
21817
31324
26558
21256
21805
13112
2957
7015
20982
29175
20662
30505
22320
31664
29041
4213
23595
1013
4249
13627
10873
32356
282
10289
8504
28172
6168
1428
24864
20102
30176
14240
11595
29392
29071
14027
3271
30184
4996
4550
30942
6445
19079
31025
9248
11381
18358
19232
9781
23533
11571
23122
6244
32692
31631
27947
28386
18742
27125
12407
6875
27210
5398
6621
16706
4619
12504
30245
4697
23415
10430
7977
3583
2505
23318
5532
16573
11926
23268
31358
17806
5546
25745
9307
6258
4768
29011
19527
1457
3139
5468
3737
16880
25000
5314
15210
30453
1287
23345
13004
20794
26718
16978
18634
23091
6084
21242
27940
11103
7565
27923
4807
17936
3107
587
4878
7163
18847
20350
2235
5247
31018
16612
24244
6837
7702
27898
3709
60
21692
21042
19065
16577
15635
17241
4064
29265
29461
11980
23679
28254
12498
11354
1075
32659
30289
32248
25123
8279
21290
28456
25024
5667
11748
16166
7038
30084
9487
471
335
23279
26145
9074
22244
25672
5649
31467
29091
14129
10165
5924
31846
8211
15324
13011
15098
5613
26411
31537
2386
11999
31160
5480
4750
20853
9320
3769
31664
11957
6152
9073
32280
20711
31278
2185
11717
19239
19406
9248
26442
21931
7579
24729
8594
25301
11811
1684
8019
30968
19881
18830
15443
23786
9153
29526
21086
22862
12974
23095
29186
11934
13436
3551
27409
30715
11740
26385
24788
4276
21186
26127
18072
6336
3013
23737
25852
4896
6581
5496
25738
29892
25766
27358
19408
21438
9740
21606
3204
2735
30774
11564
27032
21472
26938
10864
12802
31266
20640
15817
23625
15206
21457
24361
20174
14619
17725
31380
24800
4683
19023
32159
24701
884
29714
16555
10473
10279
13984
18399
5617
14946
27471
6118
24572
27566
18841
6766
11478
13305
719
20059
24892
12849
27773
16335
32551
31396
26012
987
7385
28442
25210
13314
16553
31920
19306
9586
11661
23411
6699
22529
27756
11200
25113
22760
7713
3422
12054
5443
25167
3160
26422
22596
24295
32667
6956
28986
13434
13652
29048
15686
27456
2312
6222
4311
9444
16240
27205
15594
7957
17434
12741
11267
21197
9408
14125
21226
15455
26215
1479
28966
6211
4151
4972
23867
8354
2077
14070
22691
6048
7459
6506
10125
10859
23434
3554
26711
30983
1709
31804
26317
20184
21653
19077
26399
22508
18267
28963
9380
24335
16449
9668
81
24716
10383
18698
6903
32195
19503
755
22336
7535
16904
14858
32616
17588
32282
20815
2747
29931
26974
22759
16081
6702
7003
7556
10380
22178
4488
17042
10446
13959
101
21287
4347
6401
6744
30119
2866
22947
26696
11834
19018
1729
4091
23535
15758
12402
9264
23725
17465
7271
23163
990
7344
27247
17124
20441
2946
30150
23871
2579
30240
32545
10314
15878
27996
27514
1672
13021
25506
9115
5344
21476
2809
24684
20212
13234
5817
28669
7491
5651
23818
16211
10493
11448
5152
13555
4522
29342
10040
10288
24697
21054
24401
308
21865
633
23467
19919
27162
17986
5633
22274
9840
31497
28293
842
8941
8683
31648
4526
21707
20378
6502
31112
32732
12046
29915
31507
27170
745
3816
11448
11566
20907
29467
4376
16697
10394
7714
472
7683
8558
20485
31536
3439
5824
17958
5171
3035
13105
6394
12252
21057
18266
14725
13020
26127
4727
19095
18981
19142
27090
20936
3638
12628
27377
31797
3877
16690
9343
29431
5486
22334
25083
31591
9085
22102
1570
24340
1021
26040
8221
22401
28894
14620
10091
31135
7977
16014
2700
23821
15235
19981
31859
31506
9090
14054
11433
342
26547
18125
22081
5220
25192
9920
20863
15840
28482
10652
5191
647
3969
26748
19783
23531
1806
18645
1508
4588
15941
18514
30437
12278
29828
10864
31714
4604
3957
25561
20842
17719
4891
24450
2551
14495
3741
31107
26003
31014
2517
19385
30790
30135
16280
10270
19270
1778
12484
23779
25822
13988
23563
7762
25370
776
9857
12902
5431
6591
16614
14887
16334
18065
5556
13511
30650
4577
3048
6271
16334
19186
10896
7462
21816
31196
26905
5270
22195
30028
14422
27838
12912
6142
4176
14215
1730
20988
3792
21608
24972
4500
29357
6088
2667
16410
32726
3095
17314
20066
6174
10410
11721
3324
5322
6747
14901
19502
11484
31197
22566
32690
29726
3039
18611
25140
16109
26344
17782
21642
30411
6893
26103
29873
11170
14003
28633
10379
28121
18151
32199
6235
15640
11007
10524
21756
6108
23502
8789
9700
30650
32746
25655
15068
18034
27070
28095
15741
6075
23406
11982
32362
13256
11374
5009
14927
16030
11488
23218
12957
2069
25266
8768
5634
20655
31860
22366
29866
3868
5626
29871
15416
649
10933
15229
30595
7596
20946
21420
19984
5777
8208
32353
32596
10017
19298
18289
21926
19063
27720
24972
19718
739
30957
6438
27024
29882
22017
2601
31166
25060
6484
1116
16480
21027
23095
19089
16989
29731
11155
6289
13351
839
7110
7112
17151
15918
22081
19121
13806
14855
17122
18175
8831
7833
16146
13968
12605
5905
19614
16147
11760
906
21079
4211
24470
14175
19048
10762
25635
20528
31354
18055
3064
29109
4489
6811
28965
29253
18308
21094
18015
17445
23207
31141
6592
10129
1689
15000
1857
29068
20805
8116
5879
29544
18808
17421
17168
20245
4927
7810
24973
17449
24062
21414
28093
16819
8272
14961
28029
18624
13730
32683
28209
27561
14734
5140
21889
30242
15609
20820
468
2564
12523
421
30349
15573
9009
13890
4104
541
10420
6286
31571
28264
4504
